286.49267544740843,231.5,5695.627189281515
286.48335234691814,231.5,5695.823923365014
286.4729380391484,231.5,5696.058628914807
286.46292878618516,231.5,5696.314104802611
286.45447149933375,231.5,5696.580959522633
286.44719129163366,231.5,5696.854034406028
286.44055376922483,231.5,5697.130505499021
286.4342671530258,231.5,5697.408830922669
286.4281721316396,231.5,5697.6881688109725
286.4221817210333,231.5,5697.968059505041
286.4120686345095,231.91999998688698,5698.448208358771
286.40601438298626,232.2531999805212,5698.735844097941
286.4002387465748,232.50133597911216,5699.023071236172
286.3951807873096,232.6661092609382,5699.309927151991
286.39077591426627,232.74918707874468,5699.596445255406
286.386965349702,232.75220334025371,5699.882655949524
286.38369560586926,232.67675927506423,5700.168586901173
286.3838934758899,232.52442408821366,5700.454263287168
286.3840913459106,232.29673560066868,5700.739708018412
286.38428921593123,231.9952008770059,5701.024941943826
286.3844870859519,231.6212968405392,5701.309984035929
286.38468495597255,231.1764708761443,5701.594851559715
286.3848828259932,230.662141421027,5701.879560226326
286.3853520138999,230.08790193475815,5702.17082103071
286.3858423947781,229.52119981992027,5702.493479537759
286.3863536580704,228.9614231298878,5702.846802374758
286.3858168632918,228.40945586822053,5703.230734708852
286.3848754035517,227.86578831133923,5703.645018511998
286.3831144167136,227.3302931003885,5704.089101865679
286.380679230995,226.8028331187093,5704.56243000618
286.37816803680613,226.28273028751303,5705.064238906036
286.37383318323054,225.77018141902647,5705.594084391442
286.3648251357082,225.26535060733443,5706.1515371412925
286.3515029352034,224.7681099630066,5706.7360818672805
286.3334450380067,224.27988471143667,5707.347801788893
286.3092310493848,223.80215863969107,5707.986661120639
286.27884218147443,223.33448046466253,5708.651882307658
286.2419245814572,222.87786143754008,5709.3432512657455
286.198714492467,222.43198131487674,5710.060041574162
286.1488286445247,221.99765730298458,5710.801910490736
286.09280484417,221.5737911090271,5711.567845410415
286.0311159549431,221.159613921055,5712.357001410436
285.9641961712833,220.75420274042477,5713.168508973374
285.89243502817095,220.35672249562353,5714.001569176737
285.8161821877887,219.96641766611353,5714.855446734361
285.735751703849,219.5826047041097,5715.729463801613
285.65142582249433,219.20466517827748,5716.622994443283
285.56488164545937,218.83488999449796,5717.536591041906
285.4774274121263,218.4738313387521,5718.470046127294
285.3893609406996,218.12099947627263,5719.422677313482
285.300625462006,217.77612482452753,5720.393866527687
285.2111747381157,217.43894768283303,5721.383011308463
285.1209765306669,217.10903806494832,5722.389468041124
285.02901164501276,216.7860069278605,5723.412540543089
284.9336898447839,216.46932170667594,5724.4514407157885
284.83492788331466,216.158334038908,5725.505518346802
284.73298274389657,215.8524618052918,5726.574214702552
284.6284229674023,215.55118236171145,5727.657054384615
284.5227937561523,215.25419048406076,5728.753750011608
284.41611244191506,214.96104731290126,5729.863841132777
284.3161406259614,214.67053207191526,5730.987176964438
284.23869962535883,214.380482253418,5732.122413129965
284.1852975615927,214.09067700661217,5733.268772870368
284.15342282437297,213.80109211031652,5734.425982998124
284.1401199388466,213.51170574209675,5735.593914584746
284.1409439674937,213.22232296648545,5736.772609875534
284.1529971625722,212.9329434284098,5737.9620133115895
284.17588171675413,212.64356680789035,5739.162019651104
284.2088746458993,212.35419281657258,5740.372502089575
284.25208687309146,212.06482119460128,5741.5932701733345
284.3045059422198,211.77545170780382,5742.824247147655
284.36522936640705,211.4860841451519,5744.0653606248125
284.43499199956375,211.19742128668256,5745.316583674218
284.5144612335262,210.9099131312454,5746.5777771886205
284.60462483651906,210.62344393427225,5747.848564280261
284.7052060789752,210.33790955314345,5749.128730968967
284.81635871796107,210.05304639172422,5750.41796905523
284.93706414890005,209.76878730008278,5751.716212254662
285.0668180624093,209.48507184607777,5753.023338734841
285.2107180530204,209.20252533499465,5754.3384859785765
285.3713878900544,208.9220270788949,5755.661088047235
285.54917949316695,208.6438545315128,5756.990774758141
285.7432164638664,208.36840229744024,5758.327476758659
285.9535458721813,208.09615796546538,5759.670930123305
286.18100129651174,207.8275370711908,5761.020619091218
286.4271248118678,207.56302370259996,5762.375790201059
286.69251089384244,207.30327632982048,5763.735923548089
286.9785013254779,207.0493106619641,5765.100284237343
287.286221107466,206.80131656806768,5766.467856224126
287.61741434441626,206.5592990179175,5767.8372624431
287.9727698969742,206.32291063783455,5769.207342884932
288.351714021388,206.091829613662,5770.577449205228
288.7529121637945,205.8654624862298,5771.947234743311
289.1809196739002,205.64287927038177,5773.313659247757
289.6436815735381,205.42302737773775,5774.671316058298
290.14525024357334,205.20471303345,5776.0160939138905
290.68583242755193,204.9870634937005,5777.346127877152
291.26183514693804,204.7698876600729,5778.662507924005
291.8707286794026,204.55239365556085,5779.965654015747
292.5122533381821,204.33345107540964,5781.254394967772
293.18609058534827,204.11168783873538,5782.527583005876
293.89277636285374,203.88516097728808,5783.7832096266875
294.6314336012029,203.65192679223935,5785.020511911076
295.4001077901925,203.41057196395963,5786.240049680058
296.1967889820265,203.15969208496182,5787.442643696405
297.01904946823487,202.89747747282988,5788.62956512457
297.86413417784473,202.62045183488294,5789.801959939551
298.7295416439261,202.32484419956188,5790.960782636445
299.61278929354387,202.0072966977265,5792.10724093823
300.5108294123308,201.66631562366584,5793.243967886947
301.41979164305394,201.302068412863,5794.37512205644
302.3380241881876,200.9159047299538,5795.503332285604
303.2614280445937,200.5116490159666,5796.634469594021
304.1847614275191,200.09448844785484,5797.775565599819
305.1071605904971,199.66721654596518,5798.928792033134
306.02895604612405,199.2311356714778,5800.09463759033
306.95011032402397,198.78771758759314,5801.273897461239
307.8694933947033,198.3385906995159,5802.468147964587
308.78293359740866,197.88526268204407,5803.680778280489
309.6839277813032,197.42860222587018,5804.915846839399
310.5711989686509,196.96913889528406,5806.173881174444
311.4468656087137,196.5073704782874,5807.45353941293
312.3113151720251,196.04240833657786,5808.75383823275
313.1614297114625,195.5707175712746,5810.074431435789
313.9884869098727,195.08726651908393,5811.416691322218
314.78134481836065,194.59006357879932,5812.783325319826
315.5279487270315,194.07861121430963,5814.176405620669
316.21760170907874,193.55270673625824,5815.596095920869
316.84103083068834,193.01272448169686,5817.041073778535
317.3889791420217,192.4589889380477,5818.5085119830765
317.85382248833,191.89058713524273,5819.993619193466
318.23510838247745,191.30693586159123,5821.491817391271
318.53706025797294,190.70836593877183,5822.999966641267
318.76877402101144,190.09642779820652,5824.517160887928
318.9396237616927,189.4725787038532,5826.0432664882155
319.0670711868288,188.8391669454607,5827.580495783563
319.1749478414962,188.19873811061188,5829.131251359685
319.2763631152707,187.55498929511862,5830.697095557516
319.3755613198642,186.91235698382408,5832.279853766794
319.47351517021315,186.27779538750497,5833.882597901359
319.5679867521536,185.65536378747768,5835.50700390576
319.6578857141769,185.04650347004497,5837.1533335850745
319.73955166209646,184.4527519540421,5838.821859672238
319.80965352812524,183.87568424016428,5840.512701820733
319.8623943538119,183.3165947310008,5842.2255706431915
319.8963405087456,182.77466864528031,5843.95920876266
319.91240500921236,182.24835166844375,5845.7121875378125
319.9015433287601,181.7359747580627,5847.482143310153
319.8633357213565,181.23627868557853,5849.267584854886
319.80064601891763,180.74836738444915,5851.067677983867
319.7165033460633,180.27265719999667,5852.882249029309
319.6224789644859,179.81087935772018,5854.712616279243
319.52850832462735,179.36571297949158,5856.559884478471
319.4430881871526,178.9375890829458,5858.423713122739
319.3681132816129,178.52711541712694,5860.303504988226
319.3041779115459,178.13409759966527,5862.198289491356
319.2512527275284,177.758704190554,5864.107206669132
319.20815183094896,177.4014444361544,5866.029492057806
319.17556111484214,177.06277305465753,5867.964260897115
319.1529124995659,176.7420222086906,5869.910235764801
319.1391195313291,176.43827487100253,5871.866099117638
319.1343556840711,176.15022309480727,5873.8304277035995
319.13878871727,175.8764178410533,5875.801829025403
319.15196765976117,175.61534444508166,5877.779005956333
319.17291697917057,175.36553007718305,5879.760797498841
319.19962994585916,175.12554489637355,5881.746199446632
319.223997836177,174.89258289934276,5883.73408974112
319.2434284446715,174.66474072391574,5885.723581669382
319.25789792588387,174.44163873119695,5887.714261947897
319.2690966832314,174.22413849129813,5889.706032223296
319.2824809853811,174.01285670802633,5891.698645300165
319.3001024049166,173.80772694665282,5893.691638416789
319.32204898063765,173.60821561730683,5895.68449210391
319.3551981829679,173.41338874461223,5897.676327021485
319.4011069563114,173.2225487637271,5899.666535305482
319.4583477904197,173.03523240844268,5901.6548110238655
319.5256498544752,172.85103024284967,5903.640895815973
319.5839490613902,172.6693652172578,5905.625144018944
319.6163197359737,172.48914486374287,5907.606293235357
319.6162123684172,172.30940526665154,5909.582974712225
319.5829315925793,172.12926867016472,5911.554373475701
319.5267008733044,171.9478653317188,5913.521387051771
319.4788112581221,171.7641181362276,5915.485653966864
319.45604533872864,171.57795922798437,5917.446383868785
319.4556459173965,171.38965240876908,5919.403764298739
319.47662660478346,171.20069398110104,5921.35812296336
319.51630389618543,171.01255250137376,5923.309817422492
319.5726203583051,170.8257147605561,5925.258942544711
319.6415386135569,170.64018772536284,5927.205690893076
319.71451173957865,170.45612630919493,5929.150586409161
319.7773319165592,170.27364878046075,5931.093894571308
319.81133973626436,170.09309855572118,5933.0344140765355
319.80667444298757,169.9146621777851,5934.970222123204
319.76495201477184,169.73835819056282,5936.9007313003
319.6839138611467,169.5641755799605,5938.824627749132
319.55426982647293,169.3921200521437,5940.738528589893
319.36057944404007,169.22209129144943,5942.635395300262
319.1034006489,169.0539207246989,5944.512897708839
318.78971165423366,168.8874552541698,5946.371732790392
318.4290276183545,168.72271222745982,5948.214227165476
318.0406293946628,168.55972023010244,5950.046785947167
317.63273006749034,168.39831701141156,5951.871643311649
317.20760098327327,168.23831747315282,5953.6891861376425
316.7630527128769,168.08259861538926,5955.497457259516
316.2969443041077,167.9342736203842,5957.293929016762
315.8099319625445,167.7948304886455,5959.077135093683
315.30260810136235,167.66437725254823,5960.845834814461
314.7735057740741,167.544723012504,5962.597345403893
314.21859182715946,167.43798657078864,5964.327248975628
313.63591683563214,167.34423858988427,5966.032170395444
313.02804016545207,167.26180249471489,5967.71162649454
312.39694898898495,167.18974282980074,5969.364901444109
311.7418981300777,167.12612348505849,5970.99020883232
311.06037230789536,167.06867323268605,5972.584859788395
310.3522147352057,167.0154176157676,5974.147700395707
309.6208464359245,166.96570089410173,5975.679930897922
308.8696215221725,166.91894810608622,5977.182958442703
308.10158719928074,166.87517784309455,5978.658002119196
307.3198938857281,166.83493058510302,5980.106297750852
306.52772852282015,166.80069766224875,5981.528423501347
305.7278382030312,166.7750628181705,5982.924319356994
304.9232760437167,166.76064669075808,5984.293817413929
304.1165269723849,166.7572339781298,5985.637090332574
303.30950102876034,166.7627049364562,5986.954708167087
302.50663775443815,166.76378252594787,5988.253417790405
301.71586086219804,166.74611224975723,5989.543616594532
300.93996575979924,166.71276168408383,5990.828743536624
300.1772375811831,166.66559146228133,5992.1095277497525
299.42757652671474,166.606321338173,5993.38735123185
298.69109848383516,166.53784450664804,5994.663044738713
297.9670490768906,166.4636424157852,5995.936391029604
297.2542057603066,166.38436886149702,5997.207379635207
296.5514766517786,166.30060222930481,5998.476006454293
295.85931076804053,166.21285419070065,5999.742969972876
295.17954675607683,166.1215772114297,6001.009539147288
294.51282215000526,166.02763044319374,6002.276177028591
293.85837891829175,165.93269426531077,6003.542337766743
293.2154887226566,165.8431834686174,6004.805730470716
292.58229900631693,165.76361586160547,6006.063286834612
291.9583834394992,165.69693450784627,6007.312499536434
291.3436620735526,165.6439299835991,6008.551386319344
290.73827911205126,165.60359429700975,6009.778619875991
290.1423695397234,165.5749806369228,6010.993003676067
289.5579807167111,165.5576122683266,6012.194198675782
288.98490202445754,165.54985300247168,6013.381311343941
288.4242105698275,165.55100810752253,6014.55392633642
287.87610595795314,165.5586478485489,6015.711690766516
287.3416176289515,165.57265854594883,6016.854615172245
286.82229760181707,165.59045309427935,6017.983496313766
286.3197783429465,165.60794049322027,6019.099904513938
285.83587442119466,165.62081039659648,6020.205936562391
285.3712785891196,165.62643818335764,6021.303216646816
284.92718037111047,165.6232955893289,6022.393415521957
284.50547740719577,165.61007771084917,6023.478370860329
284.10846162918665,165.5856828343415,6024.559900868297
283.73465402940576,165.55099996693508,6025.638533902314
283.3827122366923,165.50647705453525,6026.714883568513
283.0547356232098,165.45140976160312,6027.790357573496
282.75109983073963,165.38520040794836,6028.866053472243
282.4725226305702,165.3091600547807,6029.942561447495
282.21842066182376,165.22445078976062,6031.020225807975
281.99046495610673,165.13209679443312,6032.099358651007
281.7898476228957,165.03299671231116,6033.180042176128
281.6148410897512,164.9279465416422,6034.262299577438
281.46266161077733,164.81764835759958,6035.346209010346
281.3305168792416,164.70308029828988,6036.431790771868
281.2133958698134,164.58616848845287,6037.518789114694
281.1068507504704,164.46824916067723,6038.606901785929
281.0094193616246,164.34978848819674,6039.6959919626615
280.9201070466632,164.2308506829175,6040.786013376773
280.8380274573549,164.11149271165684,6041.8769300264275
280.7620734807096,163.99070700410346,6042.969015402454
280.69187134471287,163.86653400762464,6044.062958702808
280.62900707710503,163.73933643351438,6045.159026623298
280.5729950141269,163.6094524710121,6046.257421077705
280.52308826553264,163.47719889617713,6047.358320927669
280.47862135210676,163.34285513117305,6048.46188271341
280.4386827086527,163.2066773234397,6049.568243405215
280.40277765859975,163.06888176689395,6050.677521001669
280.3701446547128,162.92965924729106,6051.789815298547
280.33912552850984,162.7891780504752,6052.9051995304535
280.3082224213303,162.64760365119827,6054.023724855704
280.2774120123027,162.5050650005441,6055.145456647834
280.24569892881954,162.3616758388898,6056.270418902762
280.2131680596166,162.21753649011782,6057.398657196354
280.17989519697045,162.07273544418803,6058.530207529905
280.1456081602677,161.9273130498165,6059.665080389967
280.1110739200852,161.78120201591688,6060.803304100668
280.0766374427884,161.63437270980032,6061.9449014685815
280.0422774278509,161.48671333644498,6063.089874742607
280.00731037533114,161.33825759872877,6064.23823334582
279.97111098664266,161.189030149513,6065.38998077667
279.93379781661775,161.03908620994497,6066.5451496035685
279.8951419594641,160.8884351318904,6067.703747698882
279.85527302871935,160.73712160478362,6068.865801483295
279.8143068356618,160.58514272871452,6070.031326716628
279.77234602510373,160.43257619226935,6071.200350427917
279.7294822393218,160.27949061283007,6072.372892259012
279.6857973138435,160.12594659576126,6073.54896535321
279.6413643430655,159.97199766992279,6074.728577142924
279.5965908884223,159.81765014741552,6075.9117379016125
279.55288449553063,159.6628204016004,6077.098475834429
279.5108187500515,159.50751989299613,6078.288804838688
279.47020564472734,159.3518034476931,6079.482724094445
279.4322756203914,159.19557786262374,6080.680233281049
279.39673112249835,159.03890233286722,6081.8813321160105
279.3636552643063,158.88182917119335,6083.086020741992
279.3334861294692,158.7245913903806,6084.294324600963
279.30625516159614,158.56733884336757,6085.506235333024
279.2819923689876,158.4101144091495,6086.721717808016
279.26072635348083,158.2530341427223,6087.940744979274
279.2421313424482,158.09611997543368,6089.163268895167
279.2266247455198,157.93935247638734,6090.389231914416
279.2145949188978,157.78271448778568,6091.618574896594
279.20602254095047,157.62619085901417,6092.851243618342
279.2009052746627,157.46980464452602,6094.087190985973
279.1995868364074,157.31367735912852,6095.326375681608
279.20283527396583,157.15790106074817,6096.568759465089
279.20898507261035,157.00251658184825,6097.814291725926
279.21772660441314,156.84750390438154,6099.062911079481
279.22878397321404,156.69286666168003,6100.31456207777
279.24191113847877,156.53858296090942,6101.569186073597
279.2568887141815,156.38461120957422,6102.8267238408125
279.27352117797517,156.23091470833447,6104.087120506361
279.2916342684496,156.07746107534982,6105.3503250076465
279.3110727414673,155.92424379290668,6106.616292822996
279.3316981766503,155.77125536449796,6107.884980117239
279.3541306288651,155.61854135835395,6109.156332163959
279.37818023200975,155.4661002455652,6110.430305240576
279.4036777234666,155.31393857645187,6111.7068571994405
279.43047198900075,155.16202340357194,6112.985940017197
279.4584283287828,155.0103256641085,6114.267508922255
279.4874266672801,154.85881972185823,6115.551522007713
279.51921579567784,154.70748296322088,6116.837874391369
279.55537222132324,154.55629544082328,6118.126443306952
279.59879322663875,154.4052009166302,6119.416974162579
279.6505615269297,154.25415770109987,6120.709297717027
279.7112757299391,154.10314325913922,6122.0032739367025
279.78073310507733,153.95213677208787,6123.298839543616
279.8632204019441,153.8010786651104,6124.595352768766
279.961059695436,153.64995303208403,6125.892290625099
280.07260357465606,153.49876781712132,6127.189757967389
280.1967677186759,153.34753002974844,6128.487795350697
280.33220640752194,153.1962458548548,6129.786511918832
280.4777220124412,153.04492074970747,6131.086012986097
280.63224848491814,152.89355952955253,6132.386398339907
280.7952060831892,152.7421664431457,6133.687696224734
280.96646246541764,152.5907452393971,6134.989862378306
281.1473768705816,152.43927706274522,6136.292563046868
281.34103452951035,152.28769445166824,6137.595033234327
281.54645017142695,152.13598493989437,6138.897372727971
281.7623816209616,151.98416343509928,6140.199765999855
281.9877236092875,151.83224309367753,6141.50238392868
282.2214924393132,151.68023552647455,6142.80538350346
282.464301157011,151.52817690944661,6144.108558585215
282.71558958112604,151.37607324153595,6145.411974193382
282.9744772472148,151.22392981673994,6146.715782543603
283.23942757687183,151.07175130695038,6148.020304361944
283.50945388856644,150.91954183505797,6149.325735536707
283.7836624174194,150.7673050394663,6150.632254363939
284.06164119427905,150.6150441310246,6151.939929505738
284.3419092867172,150.46287921801124,6153.249094996653
284.6242575586417,150.3107990040634,6154.559766933094
284.9081122588789,150.158813806048,6155.872048189275
285.1933481701059,150.00691244016028,6157.185937810557
285.47985336716994,149.85508503897987,6158.501433350845
285.7675277663333,149.70332289652634,6159.8185310266135
286.05628183363586,149.55161833155256,6161.137225858557
286.3456597269402,149.39998391166674,6162.45759807798
286.635629918953,149.24841137856927,6163.77963007017
286.92539610200913,149.0969299636451,6165.10347725683
287.2146375653076,148.94556157809959,6166.42918669201
287.5030675633269,148.79435700051468,6167.756799822677
287.79003340919087,148.64332412026673,6169.0864222610235
288.0741887378179,148.49246891376617,6170.418289620935
288.3514747289821,148.34487905409702,6171.752176484924
288.6190229853531,148.20279952693966,6173.087393054191
288.87312992142375,148.06815496753723,6174.423050425337
289.11131196858844,147.9421925003679,6175.7579497509
289.33103580361717,147.82638094526052,6177.090557855662
289.53160622133345,147.72153020705161,6178.419182530989
289.7143251906706,147.62709684435976,6179.7423932963375
289.8796392700054,147.54376619025743,6181.0585087423115
290.0279808557161,147.4717040732743,6182.36595367518
290.1598097764997,147.4098220021229,6183.663558634435
290.2742057103068,147.35753172791533,6184.950128452422
290.36840597763455,147.31351400897563,6186.224635040123
290.44172230920145,147.27468478007972,6187.486761582771
290.49589925971804,147.23947898042923,6188.7362827927345
290.5311428887528,147.2046428569554,6189.973588910718
290.547942431,147.16694803999053,6191.19948456017
290.54772402194243,147.12548103676932,6192.414596643109
290.5319239412791,147.07908042293926,6193.619753173161
290.5020401393422,147.0263502056405,6194.816084658636
290.459542499243,146.96531292475103,6196.005058813738
290.40568543902486,146.89383804161542,6197.188411706967
290.3416535772038,146.81313644036092,6198.367171263284
290.26883836523854,146.72419342712385,6199.542289425656
290.18814487526373,146.62789540950175,6200.714577426182
290.10037949616213,146.52502370600823,6201.884758317825
290.0062600672017,146.41632692296827,6203.053481512916
289.90642640242686,146.3024895742968,6204.221323902982
289.80045412313126,146.18395317396175,6205.388647754572
289.6882867309853,146.0612387100507,6206.5558286792275
289.5705424778606,145.9348359613872,6207.72329059324
289.44777284487543,145.80517729184845,6208.891406775007
289.3214796034547,145.67261292245368,6210.060638401737
289.192327750113,145.537483345214,6211.231307409426
289.06126031567516,145.40005532006884,6212.403734587529
288.92912286759497,145.26052986502148,6213.578196301787
288.7966614406241,145.11904163854868,6214.754928649844
288.6642184718771,144.97574082495788,6215.934110151279
288.5317480659946,144.8308390685722,6217.115871642875
288.399209904147,144.684523301347,6218.300324497589
288.2665686147369,144.53695862837657,6219.487562940604
288.1337944749264,144.38820875078542,6220.677654671268
288.00154987241575,144.23818687662921,6221.870714997824
287.86973771307197,144.08689483481666,6223.0667950503475
287.73827184220994,143.93427256540238,6224.265937004706
287.60743575951483,143.78013352312857,6225.468205839938
287.4774670927173,143.6244695440524,6226.6736989315605
287.34822950090677,143.46733077100617,6227.882483801211
287.21960331427107,143.3086196768535,6229.094602462604
287.0918295048256,143.14837958769266,6230.310159709777
286.96512486324497,142.98664207421828,6231.529250850965
286.83933123100525,142.8234335183417,6232.751930999167
286.7150339448579,142.65845980553112,6233.978269278867
286.5920271075286,142.4918386970572,6235.208346688356
286.4701260640194,142.32375672246306,6236.44224885265
286.34916676287986,142.15437929112548,6237.680046726011
286.22900350309135,141.98385308362631,6238.921798273223
286.10950692659014,141.81230817235644,6240.167549967054
285.99056222972155,141.63985990200996,6241.417338121185
285.87280751334663,141.46661055715617,6242.671254118336
285.7575465183468,141.2926508409972,6243.929425821111
285.64594949150523,141.1183024493242,6245.19198707782
285.540570672869,140.94384262225486,6246.459088027639
285.44183632962245,140.76928404874891,6247.730680647788
285.35050335300133,140.59463797289573,6249.006716999984
285.2680114587229,140.41991435843929,6250.287139524208
285.1971453626035,140.24512203456894,6251.571830804634
285.1396573506176,140.0702688251092,6252.860597830062
285.09410262729375,139.89536166299894,6254.153338295164
285.0591942062384,139.72040669173506,6255.449969365112
285.0341613381951,139.54540935526484,6256.750407787356
285.0171891964495,139.3703744776425,6258.054625684917
285.00588764111853,139.1953063336155,6259.362623198884
284.99964828557796,139.02020871117287,6260.674359146454
284.9967760107386,138.8451627433083,6261.989834206796
284.999074824788,138.67016254277414,6263.309011746445
284.9998383000912,138.49520289331235,6264.631866816637
285.00060364233536,138.32027917317956,6265.958359172621
285.00098723890807,138.14538728738813,6267.288450856481
285.00060262820386,137.97074570306,6268.622141275877
284.99866023545997,137.7966755667515,6269.959420604842
284.9959259664908,137.62337464029804,6271.300236082086
284.992798855608,137.45088144535129,6272.644499631344
284.9853108306126,137.27967606131062,6273.992162057442
284.97313695264756,137.109860362928,6275.3430931048115
284.95639007001415,136.94145499443826,6276.697156569132
284.93555984735843,136.7745011773707,6278.054235135851
284.9134547667171,136.60914000235647,6279.41430021703
284.8969176447469,136.44534785909974,6280.777217332866
284.8861420098063,136.2829862874759,6282.142799284214
284.8805034639581,136.1219298940594,6283.51089327572
284.8786468252941,135.96209837896475,6284.881385162739
284.8806245959974,135.80339239644178,6286.254167914536
284.8814105899176,135.64571546350348,6287.629134769737
284.8814105899176,135.48898722588515,6289.006180422989
284.88101693720154,135.33310097694,6290.385199841303
284.8798350426137,135.17796742059338,6291.766095677371
284.87666529781495,135.02574604951852,6293.1481103828455
284.8702884283866,134.876997529589,6294.530703219964
284.8591107514342,134.7344181182924,6295.912589095975
284.84216043923936,134.60033299411862,6297.292249815226
284.81904714945097,134.4792699413328,6298.667197126148
284.789849680344,134.37378712857705,6300.034996640193
284.75469362546045,134.2851834928607,6301.393308257969
284.7140624117519,134.21293061466784,6302.740273500957
284.6677235444429,134.1572568535285,6304.073824762497
284.61550481830903,134.11710847409284,6305.392311105173
284.5579534550143,134.09113623600743,6306.694388065132
284.49588581883756,134.07735578337497,6307.979129358529
284.43002199939446,134.07399049025892,6309.245793859155
284.36210017032397,134.07282977206359,6310.495961666627
284.29296673774684,134.06793465046994,6311.73158216665
284.22306031370135,134.0543334661519,6312.954561070115
284.15246474425453,134.03141896606977,6314.1662823294055
284.08126513980807,133.9998307391543,6315.367826231751
284.0095269422698,133.9597802259828,6316.56030795414
283.93731752835805,133.91222345684875,6317.744587922549
283.8650048080788,133.85763359381082,6318.921561626727
283.79289289231656,133.79528597139145,6320.092402217251
283.72094752149826,133.7257037353421,6321.257974955191
283.6491220148734,133.64859153389878,6322.419307703186
283.57769282824484,133.5640681649651,6323.577353448011
283.5065966652954,133.47300488165266,6324.732803863662
283.43577767546674,133.37617081081925,6325.8862661665935
283.3651865984038,133.2742449207758,6327.038273050961
283.29478000658196,133.1678265865896,6328.189291459188
283.2245196348411,133.05744491732008,6329.339730324324
283.1543717868458,132.94356699026673,6330.489947404692
283.08430680963926,132.82660512030725,6331.640255317208
283.01429862847294,132.70692327739633,6332.7909268632475
282.94432433499264,132.5848427520453,6333.942199729999
282.8750299029541,132.46064715690557,6335.094319030824
282.80699420596534,132.33458684044007,6336.247494852455
282.74239171874643,132.20688278289956,6337.401968794206
282.68149907667697,132.07773000629678,6338.557873133225
282.6245778154733,131.94730064601941,6339.71531791486
282.57252765927217,131.81650561737476,6340.874183136333
282.52481609195405,131.68539000927373,6342.034463789905
282.4809686448024,131.5539936525665,6343.196155112212
282.4425639958392,131.42197842019456,6344.359365249754
282.41238167264135,131.287900982633,6345.524487327431
282.39055079616264,131.15200468005878,6346.691625940372
282.37685654835144,131.01450368324222,6347.860875619059
282.3704271435064,130.87558734502656,6349.032345622001
282.37150770932,130.73542267474664,6350.206083809071
282.38174181376985,130.59415559237786,6351.3819530575565
282.40281822502993,130.45191802296026,6352.559889122115
282.435239203919,130.31073948902505,6353.739256068447
282.4780522935752,130.1724057419248,6354.919380090943
282.52833980659256,130.03957379184902,6356.099314752194
282.58218912594117,129.91306802514896,6357.2784064106545
282.63616135089194,129.7925145775235,6358.45618211318
282.6875720786981,129.6764652430709,6359.632453278146
282.7363468307406,129.5643787305438,6360.806835435132
282.7821129917485,129.45503477346324,6361.979226302012
282.82157823373586,129.34809727115316,6363.149408213231
282.8528192365277,129.2432676724925,6364.317116514472
282.8764278591466,129.14065579745133,6365.482045455013
282.89259857686864,129.03998113730395,6366.643989955044
282.9011898061518,128.94099520275327,6367.802759437418
282.90273124459065,128.84347781049854,6368.958218788663
282.89536149164866,128.74794672450219,6370.109987795954
282.8811422215382,128.65414176199684,6371.2579183785865
282.86116634419335,128.56183258429246,6372.401930093406
282.83704082299255,128.4708155351681,6373.5420000823715
282.8127063182774,128.37948771672063,6374.678630358322
282.78944823480566,128.28678869544592,6375.812233655237
282.7671487828885,128.19215352806154,6376.943175177149
282.7475962897979,128.0910237945879,6378.073041008339
282.73242077971474,127.98395270378664,6379.202377245488
282.722439443731,127.87144661712193,6380.331661886921
282.7167795885954,127.75402487853161,6381.461367653024
282.71432714045113,127.63154725017772,6382.591861112409
282.7156262748078,127.50326076691302,6383.72344244102
282.7149806295848,127.36810443116525,6384.856389939369
282.71302550780075,127.22459099883126,6385.9909441348545
282.7104010058684,127.07117496406923,6387.12738472029
282.7087590998222,126.9052128107604,6388.26587026605
282.7094119841346,126.72287631093016,6389.40636773323
282.71205273974,126.52065963813463,6390.5488815816825
282.7160161178182,126.29456553662847,6391.693240596434
282.7222119577028,126.044821941789,6392.8403295491435
282.7277324510932,125.77326600385533,6393.991390235648
282.72585491101944,125.47935493679442,6395.146697504907
282.71016086052214,125.16222140673617,6396.305774546515
282.6748995810036,124.8221082664424,6397.468447474395
282.6192425680359,124.4603906527197,6398.635202479825
282.54306758331836,124.07859255836655,6399.806643519814
282.44762464097084,123.67813047279527,6400.983589485103
282.33038862100625,123.26137208143254,6402.166386742775
282.1918631538051,122.83053954647184,6403.355932435121
282.03359466293676,122.38691923926709,6404.553013555588
281.8532923194936,121.93548353834109,6405.758913816419
281.65079874479585,121.47950592446556,6406.97466701918
281.42749865832087,121.02120327942052,6408.201276333522
281.1853126169089,120.56338752706135,6409.440146159306
280.92833308649585,120.10833923597808,6410.693045523686
280.66049106714314,119.65632387612257,6411.960802998458
280.3826032951346,119.20708036882615,6413.243229706455
280.09540130449875,118.76037010941188,6414.540142470199
279.7990887526507,118.31648041319438,6415.851448462147
279.49423049021624,117.87591423107315,6417.177229050584
279.18330577395807,117.44033506777292,6418.518494594839
278.868480688798,117.012842346311,6419.876649157913
278.55448663977546,116.59493955886971,6421.252853464936
278.2431607577062,116.18658695518877,6422.646931261594
277.9362034302371,115.78730058531663,6424.058480124064
277.63518852311347,115.39663177811092,6425.487074209735
277.34382714108136,115.01374850659039,6426.932436107974
277.0645768629072,114.63789907610493,6428.394069817751
276.80334472336887,114.26880650961134,6429.871867408271
276.56734764798983,113.90641608238288,6431.365457481171
276.36078914998325,113.55066277359873,6432.873962545734
276.18889546284527,113.20260550238135,6434.39650768944
276.056877182402,112.86362380304041,6435.931815353316
275.96658091653734,112.53479655284578,6437.478480214447
275.9196779263186,112.21764276618725,6439.035048331871
275.91760065174316,111.91305254761552,6440.599678410425
275.966190103969,111.62182183734808,6442.169605835748
276.06443875542567,111.34387886398119,6443.742229695339
276.2113364910222,111.07866126913315,6445.315389386388
276.4036920475869,110.82572050300006,6446.887837915945
276.63284851066817,110.58482916121982,6448.460544152516
276.88397473290524,110.37420868540572,6450.030029207841
277.1471548201522,110.20939221610408,6451.588971032692
277.4242201447699,110.09849541743817,6453.127465471035
277.72100473267716,110.04548609587668,6454.6346789259405
278.03292651089447,110.04625226370163,6456.10633968822
278.3560048905292,110.09300718861742,6457.540004791348
278.6872396662488,110.18149191518535,6458.934979078597
279.02056820426714,110.30277272105987,6460.296538602177
279.3509570484588,110.44828185905891,6461.629328401398
279.6757372292395,110.61119967346893,6462.9365654640105
279.99096516595756,110.78085226258968,6464.222953290428
280.29457795084335,110.94857576100075,6465.491874870376
280.5833942108668,111.09884566653739,6466.748751940948
280.8534020658552,111.22583600563084,6467.99567266872
281.10421243208276,111.32762294059926,6469.232569947393
281.3378075501613,111.4025177691882,6470.459179602976
281.5543371255071,111.44866076991347,6471.675420130043
281.7527038042248,111.4627814794797,6472.881270567736
281.93104463983076,111.4428204888353,6474.0780893781275
282.08671670574614,111.38990917113571,6475.267818982095
282.21891391626406,111.30557488036062,6476.452051169863
282.3298206470673,111.19153872215978,6477.632330647699
282.42201752167995,111.05084082324382,6478.810326597167
282.50317055367077,110.88752909207085,6479.9879652793115
282.5805585639263,110.70501329788624,6481.166742637879
282.65638554092607,110.50731930578213,6482.348234038824
282.73124512728117,110.2970781863834,6483.53365090314
282.80427547582536,110.07720228207249,6484.724236717418
282.87502108704984,109.84912624304056,6485.92074561313
282.943077794097,109.61449503974717,6487.123907716279
283.0066136225391,109.37544261791933,6488.33452863267
283.06540723124346,109.13257207199494,6489.5528826178115
283.1181573394059,108.8873876040046,6490.779439867528
283.1644223292865,108.64044110241691,6492.0143390304975
283.2045338793652,108.39206694642098,6493.257637674352
283.2391555974316,108.1424109995259,6494.509336705902
283.2688788025048,107.89160422236009,6495.769431206443
283.29423040889156,107.63976419529925,6497.037910476652
283.3156799498375,107.38699648552729,6498.314758211063
283.3336458347704,107.13339587442464,6499.599952760414
283.34810129160087,106.87951619480425,6500.8935828861795
283.35863962563593,106.62718746819314,6502.19602621597
283.3652648834388,106.37778396600731,6503.507447956918
283.3683891963457,106.13152362313292,6504.827655416736
283.36838111100707,105.88845684634389,6506.156403866559
283.3663812419423,105.64958768908805,6507.493687740569
283.3659823484406,105.41535810282816,6508.83930398029
283.36678280659675,105.18557653933505,6510.192859298078
283.3700232840779,104.95985257311935,6511.553897677236
283.3777805750394,104.73731369888864,6512.921872068854
283.3903904961251,104.51683656320681,6514.296254386446
283.4081402033099,104.29725887561055,6515.676578343136
283.430486773764,104.07799633049915,6517.062610259276
283.4569519847073,103.85901493149717,6518.454273934864
283.4871095605498,103.64028434962918,6519.851497193871
283.52057950196024,103.42177752769453,6521.254211237905
283.5570230353734,103.20347032732069,6522.662350125488
283.59613811481495,102.98534121409116,6524.075850351463
283.63765541545297,102.76737097664062,6525.49465050632
283.6813347649711,102.54954247605288,6526.918690999423
283.72696196480035,102.33184042229303,6528.347913833388
283.7743459585239,102.1142511747571,6529.782262419493
283.8241635025423,101.89638815799866,6531.221561713854
283.8791281506503,101.67777087533784,6532.6655127355325
283.9471520361823,101.45741849682719,6534.113134822668
284.04067747106114,101.23395863042742,6535.561982835781
284.1762396187654,101.0060601757985,6537.006790110146
284.3576685813643,100.77354639417025,6538.445000138617
284.5827597981941,100.53655907136852,6539.876296031144
284.8468841696834,100.29587106993915,6541.301738714902
285.1397410025168,100.05372782098166,6542.7252500298
285.4499803866799,99.81260540753857,6544.150958016031
285.7672302072463,99.57437637553558,6545.582027296223
286.08111837176665,99.34004379569761,6547.020770337279
286.3860432802441,99.10940790067231,6548.467786769809
286.6769468394308,98.88172177688332,6549.923221653173
286.9479614851272,98.65607774178315,6551.387011939919
287.1955706783243,98.43165250410645,6552.858692112919
287.4179427673846,98.2076876992191,6554.337632940435
287.6134538332941,97.98349064448597,6555.8231671305775
287.7762376694548,97.75895098546226,6557.314471260043
287.898006060844,97.53410518434326,6558.809894569218
287.97499416765163,97.30818089741649,6560.307488866236
288.00568193817605,97.08030426031758,6561.805439297845
287.9904230493615,96.85039294460441,6563.302500441752
287.9320646108361,96.61923316742146,6564.798371144554
287.8326402473787,96.38847180453028,6566.292875728247
287.69821679479054,96.15948287557002,6567.787010272987
287.53937963540517,95.9331495912774,6569.282919454091
287.36521904715073,95.70996206157068,6570.782180512013
287.1782181641233,95.4896789741685,6572.284852205228
286.97973016444706,95.27197896056754,6573.790806090354
286.76921270955836,95.0565762108,6575.299591163086
286.54792348939316,94.84332093626186,6576.811164303441
286.3178629729443,94.63218452922071,6578.325682837242
286.0883056719923,94.42391213383313,6579.844695373654
285.8631587947133,94.21836762718539,6581.368470954699
285.6472889788968,94.0154217952713,6582.897261759555
285.44685300922305,93.81537875197408,6584.431270140891
285.26242290947874,93.61815007971484,6585.970125334273
285.0935889150209,93.42349541292212,6587.513393692252
284.94135754461905,93.23127251657235,6589.060710925051
284.8084124656489,93.04142541215978,6590.611686452978
284.69986769809077,92.85389454357146,6592.165678507248
284.6247396711182,92.6686822676223,6593.721246080047
284.58783421310375,92.48595335532538,6595.27677269191
284.5919885349976,92.30559081955786,6596.830537722199
284.6396114761432,92.12726544170745,6598.380615979472
284.7331648590066,91.95105954915805,6599.924895554532
284.87341656218933,91.77705259069968,6601.461559431772
285.0580280270143,91.60519187890081,6602.989837828747
285.2840456849002,91.43543654614209,6604.509371652874
285.5476198122701,91.26779059113079,6606.020363396234
285.8436832710139,91.10220473922747,6607.523699760919
286.16569517488074,90.93851753996948,6609.021001588151
286.50747307247406,90.78048919036787,6610.5126614949595
286.8641788392365,90.63186512241845,6611.998174447534
287.2296502734685,90.49725815557673,6613.476694915036
287.5972208849767,90.37964189555177,6614.9473634315245
287.9598838869485,90.28014607207217,6616.409454270748
288.3160496366093,90.19651484750248,6617.861828185127
288.66590168241146,90.1267330643707,6619.3031674644635
289.00573275829356,90.07033351367264,6620.732734878062
289.33271960417045,90.02683320371602,6622.1495950931585
289.6441084633933,89.99533979250234,6623.552905290324
289.94050177880973,89.97416550686144,6624.941656113757
290.2225539377337,89.96012154353754,6626.315529959242
290.49072823005196,89.94528157812981,6627.676073000295
290.747499228012,89.91816327689351,6629.026529542854
290.9945890868283,89.87660493439425,6630.3688753797205
291.2330949488402,89.82231047525319,6631.704312905218
291.4636312236698,89.75678235913108,6633.033949807275
291.6830557726606,89.68127596599783,6634.3591748445315
291.88744145175957,89.59668164020431,6635.6811463053955
292.0739906419647,89.50359459111228,6637.000649344933
292.24130772729393,89.40212283771443,6638.318196854665
292.3907551974458,89.29306393715493,6639.634272591087
292.52391289463384,89.17723298904303,6640.949331860599
292.63882145532665,89.0550975242173,6642.263716108929
292.73260179398994,88.92697743704525,6643.577548326683
292.8049264180975,88.79311528172207,6644.890943926379
292.85476290280843,88.65335512492635,6646.203851297662
292.8815483574072,88.50717326511008,6647.516162578494
292.8848130223827,88.35293461146527,6648.827596987267
292.8649655006034,88.18534232560485,6650.137426845361
292.8235031698441,87.99857984756444,6651.445119450424
292.76202711220327,87.78984551755136,6652.750858774901
292.68233883430617,87.55652865657714,6654.054884839987
292.5864574092927,87.29516767403872,6655.357192816398
292.4752985198091,87.00552241836672,6656.6584350717585
292.3499292938283,86.68955194487776,6657.959920795868
292.20982112973127,86.34835839881508,6659.262339328076
292.0552153662072,85.9834253646515,6660.5666062088285
291.8855857463706,85.59535359918416,6661.873113730901
291.70076859896534,85.18544203326609,6663.182544986815
291.50094615801214,84.75515289248433,6664.495693793177
291.286025774674,84.30827995978593,6665.814201247032
291.0569883239646,83.85330069510289,6667.141850599125
290.81684915843346,83.39749233014821,6668.48228452929
290.5668538209855,82.94143919223187,6669.835848048416
290.3077527650241,82.48516157742384,6671.202541338977
290.04021710747793,82.02867809888576,6672.582353678844
289.76790453285423,81.5714895135274,6673.975717915071
289.4981007385798,81.11181227831216,6675.383141563866
289.2405209661512,80.64770564530019,6676.805029966528
289.00125231193095,80.1787067660268,6678.241500043541
288.78263277416994,79.71029586306854,6679.694576449719
288.588308074963,79.25558239637478,6681.16902150791
288.42140370419116,78.82182373006806,6682.666507702379
288.28092490515195,78.40935064892342,6684.185717517279
288.16448575060315,78.01624739068102,6685.724595032881
288.06949450774226,77.64156826660195,6687.281603317628
287.9936268154674,77.28364152260447,6688.855051873344
287.93529403720237,76.94095449231243,6690.443406719937
287.8950439642502,76.61186317324042,6692.045088107597
287.8728632832169,76.29476122107218,6693.658645039428
287.8697251101183,75.98821834362627,6695.282687754372
287.88357705156733,75.69137208334516,6696.916333832604
287.91706708748154,75.40581408962846,6698.559006956783
287.9725236605354,75.13253975396445,6700.209763356403
288.0520146452626,74.87224946951879,6701.867414832349
288.1529055836717,74.62450548501853,6703.531118478843
288.27037964233887,74.38816017951916,6705.200272888532
288.3986596499116,74.16202056280045,6706.87449059674
288.532620844762,73.94492335020605,6708.5533522796495
288.6676594557587,73.73689524650419,6710.236111260255
288.800185267834,73.53797902761228,6711.921865910903
288.9255560223905,73.34819118434038,6713.609695176707
289.0382207023523,73.16645777549877,6715.298850204319
289.1313422949299,72.98962630029997,6716.989004577156
289.19401620354535,72.81597147983936,6718.67892434269
289.22672813145016,72.64504235566734,6720.367839311836
289.23279724360975,72.47651776212047,6722.05543679135
289.21517452895546,72.3101143761166,6723.741488757976
289.1755247585442,72.1455657771522,6725.425706319968
289.1091904850564,71.98251417103276,6727.10688421575
289.01162727863385,71.82053489543772,6728.783516185503
288.88074931983175,71.659094216493,6730.454356775272
288.7161566996135,71.49749887902246,6732.118476320724
288.5207540802211,71.33477354026581,6733.775864929528
288.2970981334371,71.16981788366265,6735.426579914586
288.04608484109417,71.00152155974263,6737.070357311483
287.7698729936658,70.82890949205519,6738.707447536136
287.47032055233376,70.65154609399414,6740.338235008508
287.14994798242475,70.46946994629918,6741.963482943751
286.8136963942715,70.28281899805631,6743.584760296996
286.46917811815126,70.09145224314948,6745.20428925116
286.13021883288985,69.89453263384364,6746.82518238588
285.80551256109095,69.69250172161435,6748.449133696734
285.49438800487127,69.48589114171304,6750.076326280414
285.1995853118809,69.27503774891659,6751.70724622633
284.9197603492474,69.06024107553687,6753.341890688457
284.6566132297034,68.84073199848993,6754.980283493561
284.4125921040323,68.61591811362587,6756.622494367901
284.19087429088097,68.38521661703808,6758.26852063031
283.99714731101506,68.14754229095088,6759.918046202796
283.8307584256753,67.9032262322566,6761.571026001253
283.68874513417876,67.65291247807255,6763.22759456598
283.57186068026385,67.39718261437069,6764.8877635486815
283.4812624667841,67.1370909887461,6766.551575470052
283.4209210596894,66.87410763142324,6768.218789062992
283.39586986131246,66.6098696508452,6769.888697320184
283.4032802191763,66.34499940390705,6771.561250356408
283.44162026831316,66.08021001472865,6773.236295116921
283.50956903439123,65.8166054782875,6774.913780354809
283.60496012174485,65.55527498365885,6776.593813409452
283.72439472857474,65.29671221742272,6778.276597089267
283.85997880755616,65.04201252841297,6779.963299732207
284.0011420805493,64.79205333055988,6781.655182088588
284.1403661568611,64.5470466929222,6783.352649329591
284.26990105284005,64.30713516456436,6785.055785363215
284.387311180559,64.07186996352463,6786.764132713547
284.49241779067216,63.840737610148004,6788.477178677893
284.58407308797507,63.61294960115426,6790.194370782107
284.6632490794583,63.38791146417894,6791.915259895868
284.73130562524653,63.16509623371312,6793.639472512843
284.78844724855537,62.9440282643061,6795.366679912341
284.8323676470305,62.72404682655127,6797.096471340341
284.861505487343,62.504671557765114,6798.82848165451
284.8720036750789,62.28444051860819,6800.561934999096
284.86391724702526,62.06208769031005,6802.2963883992325
284.83876507313585,61.83654425455727,6804.03165364184
284.7999049810499,61.60645964207712,6805.767726336006
284.7503143506243,61.371011548087424,6807.504777036936
284.6916562711216,61.1295650973581,6809.242965148219
284.6243668449627,60.882532759264315,6810.982647851572
284.5493418700975,60.63046085022576,6812.724234390042
284.46737933262716,60.37384225528929,6814.468091558226
284.3791901597322,60.11312165387632,6816.2145471670565
284.2854077849983,59.84870023443652,6817.963893328338
284.18659665832587,59.58093994799441,6819.716389543889
284.0858082710838,59.31052226146808,6821.472545030505
283.9832214378257,59.03770818318021,6823.232521511201
283.8825853914715,58.762558189658876,6824.9966139368225
283.7893245544607,58.48367082446239,6826.764670359214
283.70521169609714,58.20009462636748,6828.53653285101
283.6317962161117,57.911307664859976,6830.31215786651
283.5689583680997,57.617603783616225,6832.091742007032
283.5155540454986,57.3194416460668,6833.875532832297
283.4705638971972,57.01723713029008,6835.663754587288
283.43307970819296,56.71136732014442,6837.4566091331235
283.40280775309645,56.40157150159616,6839.254088428568
283.3800288066784,56.087804031139505,6841.0562481156885
283.365004212361,55.770640508570935,6842.863330052231
283.36272958732513,55.451207107816934,6844.675514677213
283.3759954433643,55.12971556918878,6846.492767469248
283.4037814727283,54.80594729710735,6848.314858649257
283.4482680677397,54.47970692615777,6850.141450704362
283.51089782760175,54.151222848408366,6851.972354617242
283.5940397987175,53.821111172026754,6853.807324837563
283.70199752941255,53.490550297792055,6855.645861202268
283.8380417543896,53.160189360478135,6857.487205572829
284.0066414188357,52.83020785948284,6859.3299532388955
284.21320677055115,52.49935461585167,6861.1716334713665
284.4542079843641,52.16771113986842,6863.012537193538
284.7259977720968,51.835351320385875,6864.853122003763
285.02533990410507,51.502342137450114,6866.693843037619
285.3498819352353,51.16874430829255,6868.534993153588
285.6980766758706,50.834612872919976,6870.376695728691
286.06803061426075,50.50020791024178,6872.219290546305
286.4586210246351,50.16595847168196,6874.062980866954
286.8683440070599,49.83265576301166,6875.90822046568
287.29429470220174,49.501205396123744,6877.755925799021
287.7327497894972,49.172206594200745,6879.607140392478
288.18087011009106,48.84561180159006,6881.462427935049
288.635043154865,48.52138332237445,6883.32256619965
289.0925508997332,48.199290698953156,6885.18801681875
289.54820636092484,47.87912591821898,6887.059816942505
290.00176371483656,47.56070122566687,6888.937818890146
290.45354551682163,47.24384715238861,6890.821761484152
290.9038380270728,46.928410734220506,6892.711406992019
291.35289518447547,46.614253904329956,6894.606538648895
291.8009668780948,46.301622478697325,6896.507067746166
292.24770083956156,45.990740870714035,6898.413024034791
292.6933231952255,45.68143721428723,6900.3241753761795
293.1358479666133,45.374284935267866,6902.24100927749
293.57513607553716,45.06924905748736,6904.1633922128185
294.0065550896274,44.766654382735524,6906.092181820729
294.4225353358246,44.46747770834504,6908.028705080233
294.8179736763696,44.172704130770846,6909.973550591482
295.18938743164307,43.88284203419146,6911.926715995662
295.5324764053764,43.59860271764163,6913.888100947648
295.8451181345452,43.32083361677595,6915.85729021444
296.1254036778201,43.049792778738386,6917.833544609011
296.37282314544126,42.78526783607438,6919.8159005083435
296.589816226415,42.526925120947325,6921.803417552002
296.7791117878719,42.27409018901699,6923.79517986862
296.9437344725946,42.02616217381865,6925.790418214781
297.086378580234,41.78260575985346,6927.78848307399
297.20944420756047,41.542944031367064,6929.788824352271
297.31506942131205,41.306752101283976,6931.790974822159
297.4051589021224,41.07365143518746,6933.794536576943
297.481409448899,40.8433047945195,6935.799169909405
297.5447656406274,40.61529008527167,6937.804545235737
297.59034576174616,40.388628384214734,6939.810035469262
297.61722671253614,40.16304602213355,6941.815293216956
297.62460516465916,39.93879681093417,6943.820087134586
297.61173980972416,39.71668409362412,6945.82427328536
297.57912597084606,39.49746218401117,6947.827744672445
297.5283788309061,39.28091866685612,6949.830261246691
297.461502568396,39.06675646241952,6951.831649904103
297.38026850693984,38.855315839874606,6953.831900765948
297.2862563142395,38.646959677797575,6955.830990813409
297.1820000355075,38.441955368110584,6957.828963472964
297.0686440095819,38.24017146017902,6959.825647146912
296.9472060119031,38.04163328522686,6961.820908298362
296.8185952041382,37.84633883758527,6963.814603368374
296.6836288272486,37.653985692058356,6965.806528521062
296.5430348208433,37.46430461312529,6967.796504471925
296.3974627747684,37.27698874795266,6969.7843609455385
296.2469358876526,37.091766481848765,6971.769899594803
296.0920256428437,36.90866329736231,6973.7530497496955
295.9332438990797,36.72762268328414,6975.733720992311
295.7710506836043,36.54840652890786,6977.711791976038
295.6080813788789,36.37080421190193,6979.6873648339015
295.44724991171523,36.19456679868862,6981.660545879027
295.2889015236487,36.01947562449628,6983.6312543786335
295.13279119458275,35.84539855505921,6985.599397640652
294.97870029572505,35.67221868806933,6987.56489753952
294.82754935632533,35.49983259729146,6989.5277647728235
294.679040865413,35.32814877909069,6991.487935893401
294.5340003423128,35.15720923769627,6993.445447779624
294.39760646156566,34.98726957739556,6995.400555601115
294.270019879748,34.818269099142746,6997.353178895907
294.15248798234444,34.6504482133878,6999.303311201452
294.04448547614714,34.483847677653884,7001.250850456155
293.944980086426,34.31836676018009,7003.195667945157
293.8519488697904,34.153995438859276,7005.137647047177
293.7625129068744,33.990750817231564,7007.076653181661
293.67411619124783,33.82860116115973,7009.0125363704165
293.58556641826334,33.66748034675877,7010.945187873202
293.4963625736187,33.507296744737204,7012.874528899954
293.40659595576227,33.34796948574564,7014.800517829846
293.3163480012013,33.18939800304023,7016.723115761264
293.22569103603183,33.03149354017934,7018.642292737398
293.13468927527225,32.8741777640517,7020.558026644532
293.04554644640825,32.71735250019646,7022.4703933558185
292.9586060338302,32.56093122502096,7024.379390951337
292.8736418509702,32.40486652775516,7026.285007934529
292.7936660854193,32.24899040806484,7028.187312077459
292.719218663288,32.093245927055406,7030.086313350966
292.649702629513,31.93761766560854,7031.98201125714
292.5845860192297,31.782092010680003,7033.874410336631
292.5223244915846,31.62665694375036,7035.763499745785
292.4615454399862,31.471369306427516,7037.649280140087
292.4010489650565,31.316275403679548,7039.531746338442
292.33975030249854,31.161411171918,7041.410886216379
292.27564374204326,31.00680554827124,7043.286635709548
292.2074711885989,30.852428152717746,7045.15893496805
292.13150284638743,30.6983282985266,7047.027549858832
292.0465069130098,30.544473351939544,7048.892352203514
291.9524658149695,30.390834516327917,7050.753306469907
291.8493486750287,30.237386381016822,7052.610377736009
291.7366184815013,30.084082434086415,7054.463476401827
291.6153608428031,29.93082690101855,7056.312675887304
291.48602944687025,29.777556424878334,7058.158003977691
291.3495407925499,29.624179631432977,7059.9995441040355
291.2062019978297,29.470497102179845,7061.837310994839
291.05626473734264,29.31650642887071,7063.671359109087
290.90048326924824,29.162080130133486,7065.501783931975
290.7395250600004,29.00726902074244,7067.3287110349675
290.5739843580942,28.852117988037133,7069.152256408238
290.4049195644269,28.69639207793172,7070.972545259282
290.23375625001796,28.53990265052591,7072.789766089946
290.0622879833185,28.382222501738806,7074.604115675247
289.89261303374644,28.222825806045986,7076.415816776117
289.7260929121996,28.06090871660143,7078.224998668125
289.56241080108924,27.895018553635296,7080.031592057764
289.40128726182564,27.723067598217586,7081.835499027629
289.2424643913177,27.543140935568292,7083.63674574187
289.0856701209808,27.355787005018694,7085.43589281348
288.930656835247,27.161772951211958,7087.233505874628
288.77720390944233,26.961786682265593,7089.030088893423
288.62511479624845,26.756445053921666,7090.826090533484
288.47421442628183,26.54630120837583,7092.621909864253
288.32383978572733,26.331851155096327,7094.417860926809
288.1718568863691,26.11353967192605,7096.2140855993
288.0158296361757,25.891909532750915,7098.010663736766
287.8526045398434,25.666115221800723,7099.807196484313
287.67481754076334,25.434201932089184,7101.602319298742
287.4719787587054,25.193866991906916,7103.39351290413
287.22710251237936,24.94315913531287,7105.175284236616
286.9334497618664,24.679715614547828,7106.9437054838245
286.58917641012357,24.400932040054865,7108.696165280348
286.190085158413,24.105037061780703,7110.4287787124495
